image1
Rotation Matrix: 
[0.9999990441700203, -0.000822731492973463, -0.001111202923040157;
 0.000824316437385797, 0.9999986426164765, 0.001426628057945597;
 0.001110027682879586, -0.001427542677166454, 0.9999983649788874]
Translation vector: 
[-0.0181823 -0.0130964 0.999749]
image2
Rotation Matrix: 
[0.9999975036567272, -0.001636834187295916, -0.001521004325181709;
 0.00163935070615255, 0.9999972871784835, 0.001654740141456525;
 0.001518291663733851, -0.001657229470171624, 0.9999974741872637]
Translation vector: 
[-0.0214388 -0.0313239 1.99958]
image3
Rotation Matrix: 
[0.9999932011968496, -0.002612996182016273, -0.00260188605236509;
 0.002614611818763712, 0.9999963910943007, 0.0006177405695311133;
 0.002600262508654083, -0.0006245392916581628, 0.9999964242863869]
Translation vector: 
[0.00770392 -0.0435416 2.99908]
image4
Rotation Matrix: 
[0.9999813493146988, -0.004623278190685877, -0.00399077956366668;
 0.004624952899653511, 0.9999892205847448, 0.000410517953895658;
 0.003988838606693449, -0.0004289674649691751, 0.9999919525443612]
Translation vector: 
[0.0280733 -0.0541711 3.99881]
image5
Rotation Matrix: 
[0.9999789383483194, -0.005090082130047922, -0.004026651670812938;
 0.005096513922838243, 0.999985750750628, 0.001588660296248007;
 0.004018507882664548, -0.001609148722740759, 0.9999906310735044]
Translation vector: 
[0.0197165 -0.080933 4.99842]
image6
Rotation Matrix: 
[0.9999625659066799, -0.006487576126203221, -0.005725219763131327;
 0.006505326705907221, 0.9999740744331708, 0.003087261889316522;
 0.005705042487035345, -0.003124390745488971, 0.9999788451125812]
Translation vector: 
[0.0662202 -0.10445 5.99706]
image7
Rotation Matrix: 
[0.9999650750316201, -0.006413229771535071, -0.005359029847326579;
 0.006433875858038979, 0.9999719130533926, 0.003844261409153281;
 0.005334225196822711, -0.003878606481202181, 0.9999782509901474]
Translation vector: 
[0.0341894 -0.118074 6.99646]
image8
Rotation Matrix: 
[0.9999689490402205, -0.005551264734059065, -0.005593247290243108;
 0.005563161793418222, 0.9999822915284836, 0.00211373136970052;
 0.005581414359972977, -0.002144781875938821, 0.9999821237024427]
Translation vector: 
[0.0277773 -0.129389 7.99637]
image9
Rotation Matrix: 
[0.9999819370860361, -0.00287354508025745, -0.005279037822493861;
 0.002870768475029983, 0.999995737039817, -0.0005334702955936462;
 0.005280548269109275, 0.0005183057642064756, 0.9999859234854821]
Translation vector: 
[-0.00335605 -0.134828 8.99587]
image10
Rotation Matrix: 
[0.9999860146888824, 0.0006542179517314057, -0.005248087796378241;
 -0.0006621886482306267, 0.9999986298235559, -0.00151718726750321;
 0.005247088034425523, 0.001520641273331118, 0.9999850777473016]
Translation vector: 
[-0.00561362 -0.150962 9.99574]
image11
Rotation Matrix: 
[0.9999764292733577, 0.002364140983159915, -0.006446063536654474;
 -0.002376892785928703, 0.9999952321902471, -0.001971288273304888;
 0.006441372399653437, 0.001986563410525979, 0.9999772808856333]
Translation vector: 
[-0.0166785 -0.15086 10.9957]
image12
Rotation Matrix: 
[0.9999725254797001, 0.003348858315595955, -0.006613125867065457;
 -0.003357343854378509, 0.9999935545338621, -0.001272451560743957;
 0.006608821982396347, 0.001294619138235962, 0.9999773234595329]
Translation vector: 
[-0.0210111 -0.166289 11.9955]
image13
Rotation Matrix: 
[0.9999791128019213, 0.001385168139666445, -0.006313102969863931;
 -0.001380199855767319, 0.9999987344704696, 0.0007912684858909069;
 0.00631419102034238, -0.0007825386147006371, 0.9999797591076904]
Translation vector: 
[-0.0234426 -0.172084 12.9955]
image14
Rotation Matrix: 
[0.9999828587793, -0.00323081006944295, -0.004883033265734121;
 0.003245090849035788, 0.9999904729554816, 0.002919483456670018;
 0.004873554448309518, -0.002935279299725671, 0.9999838161702774]
Translation vector: 
[-0.092628 -0.193561 13.9929]
image15
Rotation Matrix: 
[0.9999718369875265, -0.005447447799053817, -0.005162416514457445;
 0.005451716259836251, 0.999984808695291, 0.0008131226624086565;
 0.005157908647357545, -0.0008412437924766301, 0.9999863440503908]
Translation vector: 
[-0.10073 -0.210855 14.9927]
image16
Rotation Matrix: 
[0.9999651806312329, -0.005783952335506318, -0.006015265624006906;
 0.005774665072919533, 0.9999821093918844, -0.001560172891720067;
 0.006024181972887905, 0.001525382423181784, 0.999980691033592]
Translation vector: 
[-0.112487 -0.219371 15.9926]
image17
Rotation Matrix: 
[0.999978009884116, -0.003231710247749146, -0.005791010022290086;
 0.00321337854190706, 0.9999898060685448, -0.003172058848662918;
 0.005801202164218796, 0.00315338038738, 0.9999782008851904]
Translation vector: 
[-0.109398 -0.240114 16.9924]
image18
Rotation Matrix: 
[0.9999764067242397, -0.0006121406953905759, -0.006841876836653109;
 0.0005956825414438697, 0.9999969250735299, -0.002407281826738591;
 0.006843329393556581, 0.002403149444492676, 0.9999736965118426]
Translation vector: 
[-0.111114 -0.234451 17.9924]
image19
Rotation Matrix: 
[0.999983834807573, 0.0003985384922022974, -0.005671974137071836;
 -0.0003911916642978863, 0.9999990832401605, 0.001296336344824303;
 0.005672485577166203, -0.001294096560294933, 0.9999830739674892]
Translation vector: 
[-0.139569 -0.255358 18.9918]
image20
Rotation Matrix: 
[0.9999849146464435, -0.001900008080053515, -0.005153683036584924;
 0.001916224580777295, 0.9999932233037485, 0.00314347418210491;
 0.005147675485295174, -0.003153302375801353, 0.9999817788946079]
Translation vector: 
[-0.16151 -0.269929 19.9914]
image21
Rotation Matrix: 
[0.9999663582545801, -0.005991832613913129, -0.005601812296001716;
 0.005999579818886885, 0.9999810677214452, 0.001367201767650501;
 0.005593514196789934, -0.001400764292596609, 0.9999833750909695]
Translation vector: 
[-0.166372 -0.289258 20.9912]
image22
Rotation Matrix: 
[0.999950547686324, -0.006826767939726349, -0.007231695604579336;
 0.006821050241481639, 0.9999764042346247, -0.0008150138605999527;
 0.007237088877680825, 0.000765645797229328, 0.9999735188149182]
Translation vector: 
[-0.152096 -0.301542 21.991]
image23
Rotation Matrix: 
[0.9999524318135306, -0.00604373208829882, -0.007655547834808909;
 0.006013938184002483, 0.9999742763268131, -0.003908865843830229;
 0.007678975043927833, 0.003862639914728073, 0.9999630559951522]
Translation vector: 
[-0.138599 -0.311901 22.9909]
image24
Rotation Matrix: 
[0.9999617916394772, -0.003244626888591699, -0.008117121258122402;
 0.003207613395905009, 0.9999844185252938, -0.004568798850171957;
 0.008131818829000978, 0.004542587696975011, 0.9999566182687867]
Translation vector: 
[-0.129124 -0.331367 23.9907]
image25
Rotation Matrix: 
[0.9999620143499517, -0.001668531830312104, -0.008554873389832752;
 0.001615969341849347, 0.9999797988992059, -0.006147392666061028;
 0.008564957692310202, 0.006133334740233537, 0.9999445103127941]
Translation vector: 
[-0.124862 -0.376088 24.9896]
image26
Rotation Matrix: 
[0.9999638361377207, 0.0004758583808891268, -0.008491170445399479;
 -0.0005256973801397328, 0.9999826435355266, -0.005868242493702576;
 0.008488230616329919, 0.005872494061447083, 0.9999467304584292]
Translation vector: 
[-0.13909 -0.400577 25.9892]
image27
Rotation Matrix: 
[0.9999647301908701, -0.0004721009985941954, -0.00838543349769239;
 0.0004343077571488815, 0.9999897434301437, -0.004508260339453974;
 0.008387475846116439, 0.00450445947515762, 0.9999546790198883]
Translation vector: 
[-0.165438 -0.428905 26.9885]
image28
Rotation Matrix: 
[0.9999652571260278, -0.0003260102825154238, -0.008329361210180044;
 0.0002997024483606006, 0.9999949638609256, -0.003159498572440823;
 0.008330349291381118, 0.003156892472432585, 0.9999603188680046]
Translation vector: 
[-0.220257 -0.439345 27.9869]
image29
Rotation Matrix: 
[0.9999638434185766, 0.001298109920477462, -0.008403973237700622;
 -0.001323001039112231, 0.9999947530557104, -0.002956945941334627;
 0.008400090701660805, 0.002967957493604526, 0.9999603140647733]
Translation vector: 
[-0.241042 -0.444324 28.9867]
image30
Rotation Matrix: 
[0.9999569684573449, 0.003372243944154488, -0.008642291615932444;
 -0.003397176277010533, 0.9999901057373926, -0.002871867103820001;
 0.008632521470380733, 0.00290110291100532, 0.9999585307276313]
Translation vector: 
[-0.253857 -0.468368 29.9863]
image31
Rotation Matrix: 
[0.9999462851560561, 0.006083367399084571, -0.008391629382174585;
 -0.006106997402199817, 0.999977451173743, -0.002793157137453373;
 0.008374448359711465, 0.002844254762291234, 0.9999608886499101]
Translation vector: 
[-0.278104 -0.479009 30.986]
image32
Rotation Matrix: 
[0.9999340736333158, 0.008954498509729869, -0.007187860844423765;
 -0.008975283292806256, 0.9999556181350935, -0.002864620372322622;
 0.007161890594900232, 0.002928944605657956, 0.9999700638552155]
Translation vector: 
[-0.308727 -0.495868 31.9854]
image33
Rotation Matrix: 
[0.9999331089247022, 0.009266054126184038, -0.006922276873058299;
 -0.009290953938857302, 0.9999504525559152, -0.003573598764155878;
 0.006888820732358386, 0.003637674277871899, 0.9999696552769818]
Translation vector: 
[-0.340613 -0.501261 32.9848]
image34
Rotation Matrix: 
[0.9999253830582765, 0.009600988151593538, -0.007553101499959353;
 -0.009633435128238275, 0.9999444750953731, -0.004271259049687792;
 0.007511673807190812, 0.004343702654717488, 0.9999623527932751]
Translation vector: 
[-0.371486 -0.525355 33.9841]
image35
Rotation Matrix: 
[0.9999189729719631, 0.01004977753516772, -0.007813415526184845;
 -0.01008444993624534, 0.9999394221440036, -0.00441088560271193;
 0.007768613787184246, 0.004489322199465856, 0.9999597465028358]
Translation vector: 
[-0.390378 -0.541049 34.9838]
image36
Rotation Matrix: 
[0.9999085319314739, 0.01012100045422438, -0.008971795831719646;
 -0.01015263048061526, 0.9999423808429646, -0.003486988446875969;
 0.008935987072752302, 0.003577756826605248, 0.9999536728224593]
Translation vector: 
[-0.438919 -0.552616 35.9825]
image37
Rotation Matrix: 
[0.9998976364743963, 0.01010346532384777, -0.0101309704057143;
 -0.01014380735128607, 0.9999407935399992, -0.003938602165465226;
 0.01009057705641727, 0.004040965608339288, 0.9999409236808049]
Translation vector: 
[-0.457436 -0.567073 36.9823]
image38
Rotation Matrix: 
[0.9998983747770023, 0.008656472783106668, -0.01132720606592974;
 -0.00869400461392922, 0.9999568650335475, -0.003268387378184841;
 0.01129842476089245, 0.003366534009389362, 0.9999305036084689]
Translation vector: 
[-0.473271 -0.595425 37.9817]
image39
Rotation Matrix: 
[0.9998781310216969, 0.009838765641796064, -0.01212113011233282;
 -0.009869101607994686, 0.9999483089300492, -0.002445465474355002;
 0.01209644319646128, 0.002564792112659037, 0.9999235460291023]
Translation vector: 
[-0.497364 -0.607204 38.9814]
image40
Rotation Matrix: 
[0.9998971053698348, 0.007787461267870243, -0.01204716232244144;
 -0.007806227757651418, 0.9999683885685307, -0.001511513100091133;
 0.01203501064467275, 0.001605400466432539, 0.9999262878873253]
Translation vector: 
[-0.542372 -0.62257 39.9802]
image41
Rotation Matrix: 
[0.9999019699156515, 0.006857996833121498, -0.01220731085181464;
 -0.006875584672569306, 0.9999753837351788, -0.001399378109067345;
 0.01219741342277794, 0.001483173327299755, 0.9999245088018776]
Translation vector: 
[-0.571441 -0.639862 40.9797]
image42
Rotation Matrix: 
[0.9998997246184078, 0.005292508042983795, -0.01313507010428976;
 -0.005321276971704726, 0.9999835171502872, -0.002156255812902326;
 0.0131234415996712, 0.002225934939595903, 0.9999114063226929]
Translation vector: 
[-0.554534 -0.662939 41.9793]
image43
Rotation Matrix: 
[0.9998866968583995, 0.002891050733905832, -0.01477278820164608;
 -0.002907469055974829, 0.9999951792137222, -0.001090033487032077;
 0.01476956564307918, 0.001132861407380658, 0.9998902822588824]
Translation vector: 
[-0.55602 -0.700027 42.9786]
image44
Rotation Matrix: 
[0.999892793003668, 0.001858109244277811, -0.0145241154414898;
 -0.001864837818973466, 0.9999981600554076, -0.0004497395993992939;
 0.01452325305261537, 0.0004767765039304972, 0.9998944183287235]
Translation vector: 
[-0.561679 -0.717813 43.9784]
image45
Rotation Matrix: 
[0.9999226891456753, 0.0005697468251481189, -0.01242139767629472;
 -0.0005606467873719983, 0.9999995719308782, 0.0007360796424160682;
 0.01242181173811762, -0.0007290587187678039, 0.9999225805363776]
Translation vector: 
[-0.594965 -0.750898 44.9773]
image46
Rotation Matrix: 
[0.9999319938838257, -0.0004681559437449935, -0.01165282959306773;
 0.0004717223471285422, 0.9999998427411152, 0.0003033080476101961;
 0.01165268576509184, -0.0003087843209338522, 0.9999320574752589]
Translation vector: 
[-0.623782 -0.77722 45.9765]
image47
Rotation Matrix: 
[0.999940411212982, -0.001989485817716148, -0.01073387019622904;
 0.001986403972582307, 0.9999979827648077, -0.0002977676481417485;
 0.01073444094800166, 0.0002764281021301614, 0.9999423460205291]
Translation vector: 
[-0.650372 -0.805409 46.9758]
image48
Rotation Matrix: 
[0.9999479575586075, -0.001544182201451931, -0.01008452654787307;
 0.001537292634809146, 0.9999985796947349, -0.0006908978691206271;
 0.01008557909695986, 0.0006753590447215277, 0.9999489111871871]
Translation vector: 
[-0.668565 -0.828234 47.9754]
image49
Rotation Matrix: 
[0.9999580569002477, 0.0002515257953488127, -0.009155390491499422;
 -0.0002590920502695565, 0.9999996259171724, -0.0008252495514903565;
 0.009155179495075676, 0.0008275870268599004, 0.9999577480014479]
Translation vector: 
[-0.689363 -0.85163 48.9749]
image50
Rotation Matrix: 
[0.9999593004725683, 0.001653623736775092, -0.008869212306933588;
 -0.001647128762494237, 0.9999983700074611, 0.0007395601789266681;
 0.008870420804450749, -0.0007249213444851142, 0.999960394277592]
Translation vector: 
[-0.709643 -0.865668 49.9746]
image51
Rotation Matrix: 
[0.9999524179433963, 0.005007971389093598, -0.008371503551802688;
 -0.004987957537293021, 0.9999846562529184, 0.002409883469417425;
 0.008383443729035789, -0.002368012097965761, 0.9999620544750422]
Translation vector: 
[-0.714323 -0.896304 50.9741]
image52
Rotation Matrix: 
[0.9999153364037872, 0.009367859045933121, -0.009031236980239051;
 -0.009347119816668767, 0.9999535864543984, 0.002335869884364142;
 0.009052699908336395, -0.002251256067072091, 0.9999564892886548]
Translation vector: 
[-0.707309 -0.90678 51.974]
image53
Rotation Matrix: 
[0.9998599075338738, 0.01451473796302869, -0.008335927555647044;
 -0.01450130862269181, 0.9998934572153818, 0.001669211221023441;
 0.008359267586191398, -0.001548095518965814, 0.9999638623698799]
Translation vector: 
[-0.724379 -0.909492 52.9739]
image54
Rotation Matrix: 
[0.9998245588578465, 0.01713716912403515, -0.007561014424049324;
 -0.01712887816765418, 0.9998526171722236, 0.001159942486943866;
 0.00757977819093597, -0.001030227290415331, 0.9999707423691494]
Translation vector: 
[-0.757531 -0.926521 53.9732]
image55
Rotation Matrix: 
[0.9997981545955484, 0.01803557886849472, -0.008852568113730848;
 -0.0180241817646509, 0.999836618740837, 0.001365538943193545;
 0.008875750055313976, -0.00120570301866704, 0.9999598828659018]
Translation vector: 
[-0.75531 -0.947251 54.9729]
image56
Rotation Matrix: 
[0.9997764250636604, 0.02004554528332779, -0.006728744401066083;
 -0.0200423784571242, 0.9997989867424325, 0.0005377495574505381;
 0.006738171317340018, -0.0004027692882997097, 0.999977217152571]
Translation vector: 
[-0.793249 -0.959916 55.9721]
image57
Rotation Matrix: 
[0.9998175134680195, 0.01793328989871902, -0.006583074967621194;
 -0.01793246371111856, 0.9998391834194671, 0.0001845110908733213;
 0.006585325190898044, -6.642666711945036e-05, 0.99997831430468]
Translation vector: 
[-0.830449 -0.960101 56.9714]
image58
Rotation Matrix: 
[0.9998292572115758, 0.01733938827811025, -0.006387647288618221;
 -0.01734416468866234, 0.9998493384192541, -0.0006931189164983082;
 0.006374666657564791, 0.00080378897798903, 0.999979358561108]
Translation vector: 
[-0.831504 -0.997539 57.9707]
image59
Rotation Matrix: 
[0.9998464961366024, 0.01645739001212546, -0.006011528702560256;
 -0.01646039765488086, 0.9998644166833487, -0.0004511756972361319;
 0.006003288465147577, 0.000550058592981741, 0.9999818288164788]
Translation vector: 
[-0.877742 -1.01652 58.9695]
image60
Rotation Matrix: 
[0.9998769366348295, 0.01472759254438293, -0.00540459097338516;
 -0.01472905721791254, 0.9998914948000015, -0.0002313008648891693;
 0.005400598042267805, 0.0003108769299130385, 0.9999853683411178]
Translation vector: 
[-0.960075 -1.0143 59.9661]
image61
Rotation Matrix: 
[0.9998841019106702, 0.01417210634486846, -0.005561847537970873;
 -0.01417843518494737, 0.9998988757367269, -0.001100125509042063;
 0.005545694004529679, 0.001178856301423482, 0.9999839276587547]
Translation vector: 
[-0.998861 -1.01625 60.9653]
image62
Rotation Matrix: 
[0.999903804918148, 0.01239307683781866, -0.006228367097031694;
 -0.01239845314711488, 0.9999227956172709, -0.0008253269047083147;
 0.006217657900048548, 0.0009024696299550058, 0.9999802629446269]
Translation vector: 
[-1.03923 -1.01221 61.9645]
image63
Rotation Matrix: 
[0.9999077407438072, 0.01157383529079156, -0.007110297973354335;
 -0.01157346140753055, 0.9999330208599175, 9.372837262004274e-05;
 0.007110906528457443, -1.142896611921183e-05, 0.9999747171192491]
Translation vector: 
[-1.05457 -1.03104 62.9642]
image64
Rotation Matrix: 
[0.9999267365569802, 0.008952578038097151, -0.008146954337185628;
 -0.008944351964344224, 0.9999594518348284, 0.001045587933727542;
 0.008155984700708207, -0.0009726421033260812, 0.9999662663714716]
Translation vector: 
[-1.07726 -1.047 63.9638]
image65
Rotation Matrix: 
[0.9999448561818184, 0.005654061634067196, -0.00884964307493488;
 -0.005632461327062696, 0.9999811022715903, 0.002463834226215929;
 0.008863406507354976, -0.002413853088611204, 0.999957805779]
Translation vector: 
[-1.11675 -1.07612 64.9626]
image66
Rotation Matrix: 
[0.999949717279781, 0.003414120579320921, -0.009429034560816917;
 -0.003393059580561931, 0.9999917151522362, 0.002248727100292319;
 0.009436633868171711, -0.0022166207521244, 0.9999530171631463]
Translation vector: 
[-1.17433 -1.08627 65.9609]
image67
Rotation Matrix: 
[0.9999542062460142, -0.0003617197924600764, -0.00956318825960129;
 0.0003776807824589801, 0.9999985388167035, 0.00166724973673614;
 0.009562571208801909, -0.001670785219536283, 0.9999528817442486]
Translation vector: 
[-1.24214 -1.07472 66.9586]
image68
Rotation Matrix: 
[0.9999681406279837, -0.001134657168012615, -0.007901283574000856;
 0.001148567881697184, 0.9999977981886673, 0.001756248740549998;
 0.007899273436643171, -0.001765267948105054, 0.9999672421175829]
Translation vector: 
[-1.28027 -1.10603 67.9573]
image69
Rotation Matrix: 
[0.9999484751321123, -0.000154876862682518, -0.01015002926663778;
 0.0001601223347296594, 0.9999998540610883, 0.0005159831781158366;
 0.01014994787149804, -0.0005175818385342308, 0.9999483539999685]
Translation vector: 
[-1.26179 -1.1188 68.9571]
image70
Rotation Matrix: 
[0.9999439894477328, -0.0007499457578504872, -0.01055725100134275;
 0.0007535284047350483, 0.9999996598573644, 0.0003353805286906904;
 0.01055699589316706, -0.0003433169323472429, 0.9999442144295829]
Translation vector: 
[-1.26448 -1.13947 69.9569]
image71
Rotation Matrix: 
[0.9999604223523296, 0.0001852203929795479, -0.008894909912355293;
 -0.0001962725649709027, 0.9999992098649794, -0.001241670849062506;
 0.008894672901413129, 0.001243367533435056, 0.999959668602266]
Translation vector: 
[-1.31447 -1.1445 70.9556]
image72
Rotation Matrix: 
[0.9999595619640973, 0.0006574164086067679, -0.008968959818636303;
 -0.0006631602283870396, 0.9999995769366655, -0.0006374519606862664;
 0.00896853695281989, 0.0006433740408229681, 0.99995957489029]
Translation vector: 
[-1.31522 -1.17008 71.9553]
image73
Rotation Matrix: 
[0.9999638392534107, 0.001634372234664418, -0.008345598418878714;
 -0.001629824583391377, 0.9999985196549273, 0.0005516881200266724;
 0.008346487728259064, -0.000538066309105931, 0.9999650227019187]
Translation vector: 
[-1.34196 -1.1845 72.9548]
image74
Rotation Matrix: 
[0.9999691896505873, 0.003076448871487416, -0.007221856539709217;
 -0.003064532725487402, 0.9999939256744217, 0.001660497947632287;
 0.007226921108839024, -0.001638315171406107, 0.99997254339041]
Translation vector: 
[-1.37981 -1.20275 73.9539]
image75
Rotation Matrix: 
[0.9999771240968771, 0.00199315534127165, -0.006463637885643291;
 -0.001987995275821065, 0.9999977002048622, 0.0008046488479716805;
 0.006465226810750173, -0.0007917807593218645, 0.9999787867377559]
Translation vector: 
[-1.40795 -1.2381 74.9529]
image76
Rotation Matrix: 
[0.9999780816370299, 0.001734520532623558, -0.006389654453857728;
 -0.001744622850604783, 0.9999972365554802, -0.001575808525969723;
 0.006386903524159071, 0.00158692152399362, 0.9999783443372406]
Translation vector: 
[-1.43092 -1.25982 75.9524]
image77
Rotation Matrix: 
[0.9999797974318259, 0.002035654025737031, -0.006021697508526661;
 -0.00205198497547215, 0.9999942305111553, -0.002707083681994086;
 0.006016152080615548, 0.002719385424765305, 0.9999782051910202]
Translation vector: 
[-1.44531 -1.29817 76.9516]
image78
Rotation Matrix: 
[0.9999807218065523, -0.0007607356321007127, -0.00616257223377712;
 0.0007526206167361274, 0.9999988468540215, -0.00131903481113435;
 0.006163568564213273, 0.001314371303610348, 0.9999801412281297]
Translation vector: 
[-1.45383 -1.31842 77.9513]
image79
Rotation Matrix: 
[0.9999715057182511, -0.002055705731972275, -0.007263733579171344;
 0.002053207468608085, 0.9999978304343342, -0.0003513768824314164;
 0.007264440147496358, 0.0003364529181642995, 0.9999735570047725]
Translation vector: 
[-1.4337 -1.32297 78.9511]
image80
Rotation Matrix: 
[0.999975757962094, -0.002685332932309804, -0.006424365740673937;
 0.002685641799000398, 0.999996392879367, 3.945098680673768e-05;
 0.00642423662817833, -5.670357560014656e-05, 0.999979362771277]
Translation vector: 
[-1.44872 -1.34172 79.9508]
image81
Rotation Matrix: 
[0.9999787149049644, -0.003454048877054544, -0.005535276268042137;
 0.003446230159451699, 0.9999930514769865, -0.00142144132165794;
 0.005540147533849238, 0.001402335230128029, 0.9999836699772677]
Translation vector: 
[-1.45959 -1.35877 80.9506]
image82
Rotation Matrix: 
[0.99997588528535, -0.002819289896447749, -0.006346688290155849;
 0.002796415815076263, 0.9999895735970925, -0.003610090814993013;
 0.006356800009587377, 0.003592255779174755, 0.9999733430407308]
Translation vector: 
[-1.45575 -1.38657 81.9502]
image83
Rotation Matrix: 
[0.9999861283869426, -0.001008372215273716, -0.005169740724686631;
 0.0009785154785496102, 0.9999828482936873, -0.005774567161346106;
 0.005175474967893573, 0.005769428387465223, 0.9999699636263772]
Translation vector: 
[-1.47137 -1.40526 82.9499]
image84
Rotation Matrix: 
[0.9999921286672259, 0.001279043247446451, -0.003755882313558209;
 -0.001299869989904757, 0.99998376541637, -0.005547904262480189;
 0.003748725328889115, 0.00555274275178407, 0.9999775568013217]
Translation vector: 
[-1.46748 -1.43267 83.9496]
image85
Rotation Matrix: 
[0.9999953337305085, 0.001771893493624059, -0.002488555936218218;
 -0.001780675967062712, 0.9999921792646369, -0.003531374047151906;
 0.002482279255184393, 0.003535788880556966, 0.9999906681998042]
Translation vector: 
[-1.4751 -1.45388 84.9493]
image86
Rotation Matrix: 
[0.9999968968107618, 0.002473224558232353, -0.0002992141745228913;
 -0.002473647688005953, 0.9999959292989069, -0.001422129645923862;
 0.0002956957105473886, 0.001422865383237187, 0.9999989440085161]
Translation vector: 
[-1.50345 -1.4781 85.9486]
image87
Rotation Matrix: 
[0.9999935692387993, 0.003459410485713164, 0.0009454946482783882;
 -0.003458281587974104, 0.9999933084805804, -0.001193014048216265;
 -0.0009496154467893818, 0.001189736589493789, 0.9999988413780039]
Translation vector: 
[-1.49814 -1.50978 86.9481]
image88
Rotation Matrix: 
[0.9999959379100601, 0.002332254184921441, 0.001638521830114863;
 -0.0023297256123558, 0.9999960951075583, -0.001543420942195643;
 -0.001642115081813666, 0.001539597366406569, 0.9999974665457939]
Translation vector: 
[-1.49072 -1.53241 87.9478]
image89
Rotation Matrix: 
[0.9999792036145531, 0.005706611470021266, 0.003004483970063067;
 -0.005699983216081277, 0.9999813126929015, -0.002210080613170718;
 -0.003017039895724005, 0.002192909143279693, 0.9999930442856869]
Translation vector: 
[-1.4917 -1.55328 88.9476]
image90
Rotation Matrix: 
[0.9999576183146567, 0.008186866301733483, 0.004211507405779732;
 -0.008176025392594485, 0.9999632347101824, -0.002584924897739831;
 -0.004232515003025968, 0.00255038195277504, 0.9999877906097868]
Translation vector: 
[-1.4935 -1.57341 89.9474]
image91
Rotation Matrix: 
[0.9999403161373543, 0.009678804601611244, 0.005068027683930011;
 -0.009659521092309799, 0.9999460656385415, -0.003815686866906692;
 -0.005104685630697536, 0.003766504411666102, 0.9999798776121084]
Translation vector: 
[-1.47832 -1.59945 90.9469]
image92
Rotation Matrix: 
[0.9999252453244891, 0.01063537689418742, 0.006032621409612691;
 -0.01060751447806378, 0.9999330105033952, -0.00463196958233267;
 -0.00608148002961056, 0.004567632202006008, 0.9999710757500514]
Translation vector: 
[-1.49152 -1.61792 91.9467]
image93
Rotation Matrix: 
[0.9999265055904638, 0.009754113219974067, 0.007200048119864015;
 -0.009722501097327384, 0.9999429994952624, -0.004412565334073737;
 -0.007242678375344945, 0.00434223855944338, 0.9999643436514336]
Translation vector: 
[-1.49026 -1.64419 92.9463]
image94
Rotation Matrix: 
[0.9999344091339932, 0.009148484120028113, 0.006890766876747901;
 -0.0091254602232291, 0.9999526991422641, -0.00336533115932613;
 -0.00692122861623273, 0.003302229005299284, 0.9999705955067063]
Translation vector: 
[-1.44513 -1.6672 93.945]
image95
Rotation Matrix: 
[0.9999313420345531, 0.008784929953392442, 0.007754754843549642;
 -0.008765296927358826, 0.9999583017176155, -0.002562107685952307;
 -0.007776939420144997, 0.002493959048048406, 0.9999666491346202]
Translation vector: 
[-1.42978 -1.69759 94.9445]
image96
Rotation Matrix: 
[0.9999318127876592, 0.007751788772847107, 0.008733816233399128;
 -0.00772919612268152, 0.9999667033135418, -0.002617592699642783;
 -0.008753816451957899, 0.002549908834725797, 0.999958433467341]
Translation vector: 
[-1.43129 -1.71401 95.9443]
image97
Rotation Matrix: 
[0.999947278088942, 0.00534617599014269, 0.008766951852840417;
 -0.005323342242872833, 0.9999823834574533, -0.00262579552002031;
 -0.008780835374422754, 0.002578987597922643, 0.9999581219996644]
Translation vector: 
[-1.44863 -1.72743 96.9441]
image98
Rotation Matrix: 
[0.9999604352884889, 0.004039705155945999, 0.0079251902123087;
 -0.004021211028389326, 0.9999891580000263, -0.002348136337450069;
 -0.007934590065864413, 0.002316174571829123, 0.9999658382244055]
Translation vector: 
[-1.43513 -1.74239 97.9439]
image99
Rotation Matrix: 
[0.9999542125047347, 0.002517897357077154, 0.009232176716636752;
 -0.002497683392199384, 0.9999944599180687, -0.002200388792507139;
 -0.009237665922744973, 0.002177228987756465, 0.9999549615868872]
Translation vector: 
[-1.48481 -1.76044 98.9425]
image100
Rotation Matrix: 
[0.9999728697471364, 0.001079904049975156, 0.007286533943591044;
 -0.001063710998871918, 0.9999969570836406, -0.002225835206522476;
 -0.007288915459730238, 0.002218024052750788, 0.999970975619153]
Translation vector: 
[-1.45903 -1.78194 99.9419]
image101
Rotation Matrix: 
[0.9999758410167552, -0.00143184909780459, 0.006801999043396893;
 0.001436295191172102, 0.9999987580532083, -0.0006488051790756043;
 -0.006801061604564121, 0.0006585591831182725, 0.9999766556579467]
Translation vector: 
[-1.46876 -1.81471 100.941]
image102
Rotation Matrix: 
[0.9999837164620975, -0.001712136266835338, 0.005443840560415713;
 0.001715065510262198, 0.9999983869834117, -0.0005334612128185782;
 -0.005442918421119609, 0.0005427890693709767, 0.9999850398976404]
Translation vector: 
[-1.43805 -1.84567 101.94]
image103
Rotation Matrix: 
[0.9999895673146884, -0.001778933946193845, 0.004207214730716552;
 0.001781658589324984, 0.9999982055070852, -0.0006439528515237369;
 -0.004206061631310519, 0.0006514419536282788, 0.9999909422934454]
Translation vector: 
[-1.44704 -1.86469 102.94]
image104
Rotation Matrix: 
[0.9999950288813799, -0.0004743925405887051, 0.003117236634871622;
 0.0004779196591971977, 0.9999992463949526, -0.001130841421805774;
 -0.003116697822969741, 0.001132325588929194, 0.9999945020016058]
Translation vector: 
[-1.41844 -1.89869 103.939]
image105
Rotation Matrix: 
[0.9999962219342343, -0.001988710552483598, 0.001897668988099446;
 0.001991223477520271, 0.9999971420184668, -0.00132324750369263;
 -0.001895032008320838, 0.001327021187418301, 0.9999973239306464]
Translation vector: 
[-1.42163 -1.92294 104.939]
image106
Rotation Matrix: 
[0.9999944034659369, -0.003282380726488242, -0.0006473125704057011;
 0.003279631412014004, 0.9999857869547562, -0.004203558762896718;
 0.0006611010503904235, 0.004201412290897742, 0.9999909554991795]
Translation vector: 
[-1.37115 -1.94578 105.937]
image107
Rotation Matrix: 
[0.9999572955353879, -0.009144391067104043, -0.0013368685635241;
 0.009138460709904327, 0.9999486648423607, -0.004376781446331655;
 0.001376822936327689, 0.004364377617381309, 0.999989528228478]
Translation vector: 
[-1.38946 -1.96847 106.937]
image108
Rotation Matrix: 
[0.9998780120146359, -0.01534551356728542, -0.002911409110189692;
 0.01533957716082602, 0.999880239228783, -0.002050505380224282;
 0.002942526495722811, 0.002005595458511688, 0.999993659542238]
Translation vector: 
[-1.34012 -2.01109 107.935]
image109
Rotation Matrix: 
[0.9997425399063296, -0.02209645769496376, -0.005157563278091656;
 0.02209228266169589, 0.9997555614692867, -0.0008650768878139289;
 0.005175417705757794, 0.0007509118192523885, 0.9999863254980086]
Translation vector: 
[-1.3234 -2.02596 108.935]
image110
Rotation Matrix: 
[0.9996686412992906, -0.02496958047221941, -0.006255210137436174;
 0.02494407067182585, 0.999680343824027, -0.004123531276588505;
 0.006356173466925658, 0.003966134504887406, 0.9999719340241234]
Translation vector: 
[-1.31253 -2.05391 109.934]
image111
Rotation Matrix: 
[0.9996437723207096, -0.02547015088256491, -0.007974952942314872;
 0.02542442896371088, 0.9996600196501921, -0.005783037682959873;
 0.00811953645736985, 0.005578218980296335, 0.9999514771231269]
Translation vector: 
[-1.30369 -2.08498 110.934]
image112
Rotation Matrix: 
[0.9997168888286561, -0.02259852192919539, -0.007446408353012766;
 0.02254775709584476, 0.9997224211990539, -0.006832217930086997;
 0.007598739414630376, 0.006662383846086051, 0.9999489345965594]
Translation vector: 
[-1.31363 -2.12231 111.933]
image113
Rotation Matrix: 
[0.9997079111516446, -0.02294618299032829, -0.007587164620563657;
 0.02289983076031854, 0.9997189049027414, -0.006140759823476256;
 0.007725938904397524, 0.005965221390250288, 0.9999523618662086]
Translation vector: 
[-1.295 -2.15762 112.932]
image114
Rotation Matrix: 
[0.9996160690215404, -0.02673393652867575, -0.007280878490474288;
 0.02672097637870082, 0.9996411790015242, -0.001871541025183389;
 0.007328299617364247, 0.001676270300446672, 0.9999717426720598]
Translation vector: 
[-1.30147 -2.19145 113.931]
image115
Rotation Matrix: 
[0.9994631900063672, -0.03191400691548379, -0.007404592148379749;
 0.03191963992568152, 0.9994902311291495, 0.0006437891048261979;
 0.007380271627859196, -0.0008797954275732533, 0.9999723783938748]
Translation vector: 
[-1.30027 -2.19978 114.931]
image116
Rotation Matrix: 
[0.9993269821193767, -0.03538819640190112, -0.009657036998453732;
 0.03540722022458385, 0.9993713357984528, 0.001806084267224323;
 0.009587051900234393, -0.002146797575939371, 0.9999517386834369]
Translation vector: 
[-1.24892 -2.21268 115.93]
image117
Rotation Matrix: 
[0.9992714752726918, -0.0371701318991294, -0.008654478663173981;
 0.03719170037285375, 0.9993053987582295, 0.002344661175199095;
 0.00856131588640832, -0.002664827808879481, 0.9999598004735194]
Translation vector: 
[-1.28181 -2.24023 116.929]
image118
Rotation Matrix: 
[0.999350580780638, -0.03507581359349939, -0.008252514413633649;
 0.03509837079514234, 0.9993804683914527, 0.002604566221489087;
 0.008156044440829109, -0.002892524577008381, 0.9999625554192764]
Translation vector: 
[-1.28129 -2.2508 117.929]
image119
Rotation Matrix: 
[0.9994596463975308, -0.03138611532956704, -0.009763554037006631;
 0.03140030967429628, 0.9995060382104174, 0.00130389158633259;
 0.00971780712267754, -0.001609765644100054, 0.9999514852628083]
Translation vector: 
[-1.25097 -2.26141 118.928]
image120
Rotation Matrix: 
[0.9995392825786208, -0.02916406173649077, -0.00840714489217257;
 0.02916101281570453, 0.9995746095557844, -0.0004850391308152222;
 0.008417714284229412, 0.000239654804893831, 0.9999645416972555]
Translation vector: 
[-1.26996 -2.28189 119.928]
image121
Rotation Matrix: 
[0.9996187317570677, -0.02642903815992098, -0.007993563806257384;
 0.02642332867896886, 0.9996505073593888, -0.0008190467839087922;
 0.008012416733242928, 0.0006075179436119208, 0.9999677155288763]
Translation vector: 
[-1.27493 -2.30614 120.928]
image122
Rotation Matrix: 
[0.9996652451801425, -0.02494610678352982, -0.00686216695092907;
 0.02495052802386403, 0.9996885305899035, 0.0005594267815606324;
 0.006846074075607876, -0.000730454199562417, 0.9999762985723272]
Translation vector: 
[-1.31022 -2.31855 121.927]
image123
Rotation Matrix: 
[0.9997150143300251, -0.02291338823030701, -0.006698265664884735;
 0.02291724217042534, 0.9997372409004369, 0.0004991673842825248;
 0.006685068018563402, -0.0006525309050947658, 0.9999774417800651]
Translation vector: 
[-1.32033 -2.35122 122.927]
image124
Rotation Matrix: 
[0.9997386281240526, -0.0218301976775188, -0.006791016565188488;
 0.02181898451030208, 0.9997604564947811, -0.001720913792400791;
 0.006826957709551935, 0.001572290908689839, 0.9999754599737579]
Translation vector: 
[-1.34725 -2.36204 123.926]
image125
Rotation Matrix: 
[0.9998392618502798, -0.01666263140028611, -0.006618699078885897;
 0.01663518235677741, 0.9998528848809419, -0.004180825661187881;
 0.006687388925125575, 0.004070050376865261, 0.9999693562901276]
Translation vector: 
[-1.35887 -2.39343 124.926]
image126
Rotation Matrix: 
[0.9999101771062004, -0.01154121093656973, -0.006814555712286816;
 0.01150396166317918, 0.9999188094971825, -0.005480262747699867;
 0.006877251303442556, 0.005401376106975708, 0.9999617635443159]
Translation vector: 
[-1.37763 -2.41196 125.925]
image127
Rotation Matrix: 
[0.9999457262037607, -0.008438193380260483, -0.006110772398208029;
 0.00840975954608608, 0.9999537608774999, -0.004663909445421125;
 0.006149844811264744, 0.004612266190841558, 0.9999704527681708]
Translation vector: 
[-1.44582 -2.40503 126.923]
image128
Rotation Matrix: 
[0.9999770811005232, -0.004566100190084636, -0.004998800128378401;
 0.00454843480492904, 0.999983391319758, -0.003539608093408976;
 0.005014879310095327, 0.003516790253001229, 0.9999812414099674]
Translation vector: 
[-1.47296 -2.41212 127.922]
image129
Rotation Matrix: 
[0.9999829734548283, -0.003221887457969604, -0.004865412792356566;
 0.003215675649548592, 0.9999940053542609, -0.001284011547248187;
 0.004869520566632137, 0.001268344095527322, 0.9999873394562074]
Translation vector: 
[-1.48054 -2.44208 128.922]
image130
Rotation Matrix: 
[0.999966175269381, -0.006834693006786832, -0.004575509656802001;
 0.006834290473362301, 0.9999766405969986, -0.0001036053161906172;
 0.004576110886159672, 7.233144971157887e-05, 0.9999895269338158]
Translation vector: 
[-1.49937 -2.44727 129.922]
image131
Rotation Matrix: 
[0.9999227196793892, -0.01098162494983204, -0.00582739928485424;
 0.01098451892926459, 0.9999395603065524, 0.0004648417222061107;
 0.005821942361175141, -0.00052881697684054, 0.9999829125238821]
Translation vector: 
[-1.51928 -2.46303 130.921]
image132
Rotation Matrix: 
[0.9999069645709766, -0.01132768453081346, -0.007599063469668666;
 0.01130150480789996, 0.9999300829037895, -0.003479266171695441;
 0.007637944194810264, 0.003393061624337643, 0.9999650738607265]
Translation vector: 
[-1.54348 -2.49382 131.921]
image133
Rotation Matrix: 
[0.9999105524117948, -0.009231942798882077, -0.009677727403034063;
 0.009155418026634202, 0.9999267073406271, -0.007922011593359727;
 0.009750153654539672, 0.007832699348607607, 0.9999217886038012]
Translation vector: 
[-1.52672 -2.50765 132.92]
image134
Rotation Matrix: 
[0.9999365297798734, -0.006147729424654466, -0.009441495363326179;
 0.00606647827778598, 0.9999445277896967, -0.008610411415336014;
 0.009493906102327893, 0.008552588284097801, 0.9999183561574218]
Translation vector: 
[-1.63581 -2.51729 133.914]
image135
Rotation Matrix: 
[0.9999479566480142, -0.002299786257017506, -0.009939566319661131;
 0.002225008093267248, 0.9999691902800261, -0.007527803775992899;
 0.009956572424077357, 0.007505296388347606, 0.9999222655745218]
Translation vector: 
[-1.63323 -2.55063 134.914]
image136
Rotation Matrix: 
[0.9999395563684321, -0.0008499268921465617, -0.01096180796995605;
 0.0008004728536872458, 0.9999894865735275, -0.004515084231653969;
 0.01096553021530434, 0.004506036693860007, 0.9999297239208403]
Translation vector: 
[-1.64963 -2.55535 135.914]
image137
Rotation Matrix: 
[0.9999416876809485, -6.495946017733648e-05, -0.01079893596768192;
 3.623118289004345e-05, 0.9999964603080352, -0.002660462120988931;
 0.01079907056495978, 0.002659915725050081, 0.9999381505489556]
Translation vector: 
[-1.66109 -2.57513 136.913]
image138
Rotation Matrix: 
[0.9999276604009177, -0.000721250555390536, -0.01200640507278705;
 0.0007023250732274589, 0.9999985044987825, -0.001580423894172785;
 0.0120075269988066, 0.001571877167621197, 0.99992667156024]
Translation vector: 
[-1.65572 -2.59605 137.913]
image139
Rotation Matrix: 
[0.9999258683157097, -0.002747599808203149, -0.01186206425357647;
 0.002736609392345731, 0.9999958111811293, -0.0009426501069162174;
 0.01186460459079235, 0.0009101183902282899, 0.9999291989148116]
Translation vector: 
[-1.67065 -2.61203 138.913]
image140
Rotation Matrix: 
[0.9999199719258079, -0.005956348522454001, -0.01116116732957379;
 0.005958621923478859, 0.9999822327286924, 0.0001704456153750619;
 0.01115995379259791, -0.0002369371512812237, 0.9999376977052774]
Translation vector: 
[-1.70362 -2.63772 139.912]
image141
Rotation Matrix: 
[0.9998986778850625, -0.008742604398812201, -0.01123391436757354;
 0.008740744909791456, 0.9999617759293411, -0.0002146128044130241;
 0.01123536123648636, 0.0001163982795654959, 0.9999368745622514]
Translation vector: 
[-1.72083 -2.6467 140.912]
image142
Rotation Matrix: 
[0.9998499898050901, -0.01282707470739298, -0.01163890206163739;
 0.0128420502351048, 0.9999168019057024, 0.001212853010981339;
 0.01162237637098664, -0.001362138435620681, 0.9999315301291237]
Translation vector: 
[-1.70332 -2.6671 141.912]
image143
Rotation Matrix: 
[0.9998350238449727, -0.01477670442041193, -0.0105628641656163;
 0.01479944285390088, 0.9998883234678978, 0.00207775931389928;
 0.01053098210634043, -0.002233741037748069, 0.9999420527294817]
Translation vector: 
[-1.69771 -2.68499 142.911]
image144
Rotation Matrix: 
[0.9998082649711023, -0.01690915931833874, -0.009874898814928864;
 0.01692755867276132, 0.9998551294827239, 0.001782639745852948;
 0.009843325293761111, -0.001949455880445938, 0.9999496530170551]
Translation vector: 
[-1.72267 -2.69788 143.911]
image145
Rotation Matrix: 
[0.9998336953945948, -0.0154810695343445, -0.009639400377903548;
 0.0154584889970328, 0.9998775996361935, -0.002412646615368416;
 0.009675570861806194, 0.002263234816446356, 0.999950629329599]
Translation vector: 
[-1.73889 -2.72024 144.911]
image146
Rotation Matrix: 
[0.9999182121077902, -0.008939533168953896, -0.009146247419912353;
 0.008874506634693356, 0.9999352317088428, -0.007125694308028433;
 0.009209355413716463, 0.007043943079101022, 0.9999327830603213]
Translation vector: 
[-1.78146 -2.73561 145.91]
image147
Rotation Matrix: 
[0.9999676462121946, -0.001133523684925126, -0.00796377127274245;
